   0.999995  -0.0010991 -0.00304876
 0.00110462    0.999998  0.00180833
 0.00304677 -0.00181169    0.999994
-0.0584462  0.0220711          1

   0.999772  -0.0032491  -0.0210853
 0.00318217     0.99999 -0.00320676
  0.0210955  0.00313894    0.999773
-0.0532524  0.0232492   0.996066

   0.999427 -0.00521405  -0.0334366
  0.0051297    0.999983 -0.00260789
  0.0334496  0.00243488    0.999437
-0.0495374  0.0231739   0.994455

    0.999022  -0.00637877   -0.0437483
  0.00638159      0.99998 -7.49764e-05
   0.0437479 -0.000204281     0.999043
-0.0471769  0.0222404   0.992902

    0.998551  -0.00749693   -0.0532894
  0.00752154     0.999972  0.000261339
   0.0532859 -0.000661779     0.998579
-0.0448506  0.0217766   0.991668

   0.997785 -0.00911898  -0.0658954
 0.00931275    0.999953  0.00263407
  0.0658683  -0.0032419    0.997823
-0.0419901  0.0207977   0.990037

   0.996044   -0.011678  -0.0880934
  0.0121941    0.999911  0.00532187
  0.0880234 -0.00637503    0.996098
-0.0371365  0.0198125   0.988143

  0.993234 -0.0148194   -0.11518
  0.015941   0.999834  0.0088229
   0.11503 -0.0105993   0.993305
-0.0318342   0.018416   0.985868

  0.989779 -0.0175884  -0.141523
 0.0193571   0.999751  0.0111305
  0.141292 -0.0137563   0.989872
-0.0270452  0.0175731   0.983877

  0.985649 -0.0202696  -0.167587
 0.0224804   0.999683  0.0113053
  0.167305 -0.0149105   0.985792
-0.0224688  0.0171841   0.982564

  0.980775 -0.0225519  -0.193834
 0.0252938   0.999612   0.011682
  0.193495 -0.0163602   0.980965
-0.0181814  0.0169122   0.981105

  0.974138 -0.0254479  -0.224518
 0.0288579   0.999512  0.0119189
  0.224105 -0.0180898   0.974397
-0.0134653  0.0165258   0.979173

  0.963186 -0.0287675  -0.267291
 0.0315493   0.999483 0.00611764
  0.266977 -0.0143253   0.963596
-0.00693716   0.0175628    0.977608

   0.951748  -0.0311711   -0.305293
  0.0319332    0.999487 -0.00249848
   0.305214 -0.00737107    0.952255
-0.00157798   0.0193873    0.975819

   0.938106  -0.0333123   -0.344743
  0.0317445    0.999444  -0.0101935
   0.344891 -0.00138109    0.938642
0.00393391  0.0212585   0.974447

  0.922835 -0.0367037  -0.383444
 0.0334116   0.999325 -0.0152451
  0.383744 0.00125722   0.923438
0.00893757  0.0218048   0.972674

  0.904619 -0.0388544  -0.424447
 0.0324834   0.999225 -0.0222387
  0.424982 0.00633004    0.90518
0.0141967 0.0232531  0.970292

  0.891135 -0.0406152  -0.451917
 0.0324363    0.99914 -0.0258348
  0.452578 0.00836374   0.891686
0.0177046 0.0238843  0.968724

  0.879276 -0.0423478  -0.474426
 0.0336881   0.999075 -0.0267427
   0.47512 0.00753169   0.879889
0.0206421 0.0238561   0.96751

  0.847152 -0.0465161  -0.529311
 0.0364987   0.998902 -0.0293685
  0.530096 0.00556046   0.847919
0.0273188 0.0235957  0.963615

  0.807493 -0.0485084   -0.58788
 0.0194101   0.998258 -0.0557095
  0.589558  0.0335742   0.807028
0.0369078 0.0258059   0.97619

   0.830401  -0.0461597   -0.555251
     0.0436     0.99889  -0.0178351
   0.555458 -0.00939866    0.831491
0.0285739 0.0258135   1.09152

  0.815092 -0.0483175  -0.577313
 0.0379972   0.998829 -0.0299485
  0.578084 0.00247449   0.815974
0.0394215 0.0286366   1.14608

  0.782782 -0.0508001   -0.62022
 0.0359985    0.99869 -0.0363655
  0.621254 0.00613931   0.783585
0.0451722 0.0290412   1.14156

  0.765916 -0.0519189  -0.640841
 0.0524964   0.998456 -0.0181494
  0.640794  -0.019741   0.767459
0.0527317 0.0339891   1.17612

   0.756378  -0.0533107   -0.651958
  0.0403335    0.998578  -0.0348603
    0.65289 7.18177e-05    0.757453
0.0627442 0.0322418   1.23673

  0.772072  -0.096221  -0.628208
  0.068157   0.995308 -0.0686832
  0.631869  0.0102116   0.775008
0.0648184 0.0416853   1.32376

  0.773146 -0.0516492  -0.632122
 0.0492732   0.998558 -0.0213239
  0.632311 -0.0146602   0.774576
0.0580035  0.036461   1.35498

