   0.999788 -0.00048917   0.0205616
 0.00069773    0.999948  -0.0101373
 -0.0205556   0.0101495    0.999737
-0.0355847  0.0102577          1

   0.999536 -0.00213386  -0.0303746
 0.00188882    0.999965 -0.00809369
  0.0303908  0.00803256    0.999506
-0.0356927  0.0105532    1.00216

   0.999787 -0.00188176  -0.0205496
 0.00131632    0.999621  -0.0274947
  0.0205935   0.0274618    0.999411
-0.0345469  0.0104745    1.00046

   0.997009 -0.00545334  -0.0770937
 0.00437509     0.99989  -0.0141481
  0.0771624   0.0137685    0.996923
-0.0340174  0.0106066    1.00039

   0.997167 -0.00530451  -0.0750328
 0.00323365    0.999611  -0.0276939
  0.0751506   0.0273728    0.996796
-0.0331693  0.0103547    1.00114

   0.994399 -0.00698322   -0.105465
 0.00382496    0.999539  -0.0301187
   0.105626   0.0295466    0.993967
-0.0328018   0.010282    1.00101

   0.992027 -0.00952213   -0.125666
 0.00719292    0.999794  -0.0189758
    0.12582   0.0179206    0.991891
-0.0319219 0.00998393    1.00118

   0.987148  -0.0124499   -0.159322
  0.0117293    0.999916 -0.00546259
   0.159377  0.00352366    0.987212
-0.0304686 0.00984774    1.00321

    0.963494   -0.0161834    -0.267239
   0.0157942     0.999869  -0.00360604
    0.267263 -0.000746422     0.963623
-0.0294639 0.00940233   0.996102

  0.943436 -0.0221989   -0.33081
 0.0191383   0.999739 -0.0125065
  0.331001 0.00546798   0.943615
-0.0276907 0.00920191   0.995876

   0.926034  -0.0226314   -0.376761
   0.023806    0.999715 -0.00153896
   0.376689 -0.00754404    0.926309
-0.0264664 0.00901936   0.992233

  0.913396 -0.0287283  -0.406058
 0.0238809    0.99957 -0.0170007
  0.406372 0.00583132   0.913689
-0.0245741   0.008888   0.993725

   0.883253  -0.0298536   -0.467946
  0.0291923    0.999536 -0.00866675
   0.467987 -0.00600546    0.883715
-0.0228637 0.00876765    0.99059

    0.85155  -0.0327258   -0.523252
  0.0300817    0.999456  -0.0135535
    0.52341 -0.00419877     0.85207
-0.0202942  0.0091101   0.987601

  0.816193 -0.0359151  -0.576662
 0.0266674   0.999344 -0.0244957
  0.577164 0.00461511   0.816615
-0.0179642 0.00937601   0.986578

  0.783792 -0.0401337  -0.619726
 0.0232009   0.999105 -0.0353594
   0.62059  0.0133362   0.784022
-0.0158532 0.00994165   0.983692

  0.749733 -0.0414684   -0.66044
 0.0243723   0.999088 -0.0350643
  0.661291  0.0101924    0.75006
 -0.013349 0.00987576   0.984482

   0.70967 -0.0412438  -0.703326
 0.0230314    0.99911 -0.0353498
  0.704158  0.0088881   0.709988
-0.0111205   0.010502    0.97977

  0.685263 -0.0459184  -0.726847
 0.0196472   0.998813 -0.0445767
  0.728031  0.0162662   0.685351
-0.00908366   0.0103816    0.982295

  0.662855 -0.0470273  -0.747269
 0.0210463   0.998802  -0.044188
  0.748452   0.013563   0.663051
-0.00765245   0.0103954    0.982203

  0.607336 -0.0505422  -0.792836
 0.0213085   0.998652 -0.0473397
  0.794159   0.011857   0.607594
-0.0041593  0.0104735    0.98023

  0.532989  -0.053244  -0.844445
 0.0230122   0.998561 -0.0484367
  0.845809 0.00638371   0.533448
0.000370216   0.0104892    0.979122

    0.4763 -0.0572682  -0.877416
 0.0260153   0.998358 -0.0510397
  0.878898 0.00148394   0.477008
0.00359754  0.0105139   0.977257

   0.425456  -0.0578263    -0.90313
  0.0267991    0.998324  -0.0512967
   0.904582 -0.00237853    0.426293
0.00653065  0.0105678   0.976949

   0.383291  -0.0592473   -0.921725
  0.0261939    0.998236  -0.0532728
   0.923256 -0.00372456    0.384167
0.00894857  0.0106223    0.97712

  0.345932 -0.0592117  -0.936389
 0.0320552    0.99817 -0.0512761
  0.937712 -0.0122781   0.347197
0.0109038 0.0102968  0.976895

  0.311765  -0.058973  -0.948327
 0.0335087   0.998134 -0.0510542
  0.949568 -0.0158603    0.31316
0.0127324  0.010206   0.97692

  0.289864 -0.0610937  -0.955116
 0.0327435   0.998009 -0.0539002
  0.956508 -0.0156502   0.291287
 0.013906 0.0101907  0.977952

  0.280887 -0.0613204   -0.95778
 0.0337058   0.997971 -0.0540088
  0.959149 -0.0171123   0.282385
0.0142022 0.0101622  0.977624

  0.265886 -0.0607612  -0.962088
 0.0359651   0.997942 -0.0530862
  0.963333 -0.0204868   0.267524
0.0151845 0.0101445  0.977936

  0.245947 -0.0618651  -0.967307
 0.0345159   0.997887 -0.0550448
  0.968669 -0.0198494   0.247563
0.0160477  0.010161  0.977742

  0.223332 -0.0620735  -0.972764
 0.0339823   0.997859  -0.055873
   0.97415 -0.0205785   0.224964
0.0171608 0.0101687  0.978428

   0.19681 -0.0622233  -0.978465
    0.0343    0.99781 -0.0565543
  0.979841 -0.0224309   0.198514
0.0185707 0.0102904  0.979815

  0.154161 -0.0624764  -0.986068
 0.0380349   0.997634 -0.0572629
  0.987313 -0.0286773   0.156173
 0.020639 0.0102875  0.978955

  0.109161 -0.0940316  -0.989567
 0.0467665   0.994899 -0.0893794
  0.992923 -0.0365218   0.113002
 0.0235125 0.00995405    1.03538

 0.0939508 -0.0617806  -0.993658
  0.049004    0.99715 -0.0573643
   0.99437 -0.0433038  0.0967105
 0.0263359 0.00881975    1.08008

 0.0776462 -0.0557213  -0.995423
  0.121943   0.991471 -0.0459882
  0.989495  -0.117814  0.0837788
0.0298446 0.0114796   1.13362

   0.11468 -0.0877239  -0.989522
  0.107944   0.991296 -0.0753711
   0.98752 -0.0981695   0.123151
0.0307228 0.0117278   1.13803

 0.0662058 -0.0895347  -0.993781
  0.125546   0.988798 -0.0807219
  0.989876  -0.119421  0.0767049
  0.03062 0.0106146   1.14484

